85742
166578
62827
157429
143786
138266
187501
223050
123725
165257
154847
234179
39217
43961
126019
165048
231049
222203
156658
114454
208439
119151
199928
193160
186754
238848
123138
250711
166999
204615
191561
52232
204500
104421
76606
71354
180173
53380
86472
65733
133684
43647
64521
231151
110013
35004
252014
176748
237721
34497
122513
145263
72764
229373
213558
200473
177432
69002
177494
35988
145702
223511
65415
251923
54883
33515
187190
172776
179960
145947
190770
172917
218923
128375
249348
178191
66225
159541
175617
180079
74687
145368
57150
52621
234106
65138
233929
234801
228667
102901
95111
251848
181550
119262
95810
42903
188155
235192
88285
236443
55843
253151
146669
87812
108233
231432
240330
166174
92553
158939
34555
124877
211000
103663
205552
163302
87169
240247
223629
82497
137459
126991
228091
57357
135490
175685
253009
198506
198571
252149
121030
121927
245179
161654
114853
230222
94862
146269
92673
116193
93929
198572
121650
214944
223152
215853
132319
62333
244758
119703
108898
174573
49230
178640
240446
153780
97698
223513
139169
155194
36674
243574
95805
232226
73959
147153
128314
141604
234251
92328
238088
98473
70584
124581
146493
194646
126742
182386
97216
195439
80173
63092
78558
95359
228460
122082
112503
104522
241067
57574
227853
241916
200405
98544
214670
206249
144380
65687
72816
232657
248092
246377
227350
249792
185434
143583
233442
108755
109145
249144
146263
171008
105159
172384
129483
37011
52311
240039
119677
102460
192307
167272
247820
230716
235922
143236
117850
47772
99675
233335
67456
92412
108935
50389
114813
129836
185914
181328
237510
185188
181975
163301
234137
250080
65424
90816
248028
242263
206915
210682
74096
157721
86210
38435
76226
208497
208759
97680
148314
87304
62687
177276
100077
188079
169655
71717
189288
183218
151683
223116
138913
217440
51451
149410
120951
132645
116453
209384
168286
156771
112181
223135
198961
169727
194755
174749
222750
237961
148567
119960
127438
172493
233719
200068
247911
195200
74268
56385
77250
240458
133062
194424
41113
56182
95064
230557
121775
72297
250994
71893
143817
163645
67853
166155
64264
80733
172439
176767
112567
130810
203112
199984
187944
103534
176222
112245
188565
95424
192890
137380
137201
131088
203795
79955
45053
42508
236008
234001
195846
151452
75026
161158
222857
38618
159608
144868
138136
143726
67305
88516
139859
76992
233059
138510
103275
78706
41811
130961
147032
99454
96469
127944
80104
235202
88224
96297
57237
33906
116461
148086
115201
176725
153417
62511
253576
214954
61461
88738
128948
75012
165870
196861
34016
117569
195786
90634
121283
97490
73004
139330
117063
53797
124097
146918
234276
42013
247313
70114
32693
227946
193452
133862
34852
69507
62909
141023
132942
163228
239846
58099
209151
214028
172297
227356
56514
128924
227449
215428
214353
125990
182414
184568
47969
181747
32435
163871
140037
161188
186951
163473
158399
36129
111620
198396
216785
93354
119721
57843
89774
83219
57403
185549
241893
104117
73936
196512
163188
61665
11753
32754
65566
90373
121271
116323
129501
53127
115118
186028
218687
50560
38353
169314
205746
251613
61241
111244
46340
235921
187326
112434
228073
39012
104979
212899
69407
177296
82467
97817
246223
172547
202624
141967
149423
42793
245151
246174
65617
115728
141620
191025
243466
241357
141550
162026
158656
234813
135597
191580
161387
100337
152034
138626
204850
243435
109583
158248
207231
136727
89632
247651
137198
90749
233635
182855
229737
120982
92443
208580
109909
119389
45148
239973
112621
104967
236124
42848
237358
133433
235055
161843
164836
235884
32401
68446
66952
225107
80830
115314
109692
68959
152499
242048
235532
215024
48879
82054
48827
160212
119291
107777
215301
99329
71291
54703
57017
204483
227901
209697
40065
48875
41763
248490
216278
139034
122463
225146
47098
61819
157591
56985
231446
88273
172740
69209
219926
221307
96388
58236
42886
96018
92216
47897
207207
67580
58380
178020
154782
132519
47962
175499
163485
87452
154894
51370
143727
248213
79332
226827
120146
197995
36637
229547
195487
243283
84819
48916
113476
111501
95254
181334
209674
239964
78548
85699
154866
234840
234034
102612
85160
49893
55558
65554
69127
191090
80591
108508
171095
77276
93281
37971
72880
105988
158074
47092
59267
40749
196931
233708
163265
62063
202801
66472
117874
62952
188116
161330
111239
201518
54258
92364
232312
57404
78518
184834
130080
47356
74815
186039
67784
169203
87010
58227
34055
188077
178216
43981
140846
83855
83419
160394
120612
41967
42056
52063
41472
106526
61793
84531
249940
206026
125860
39530
112492
238224
73437
234390
105854
71917
194874
112974
126990
123502
171760
188367
186779
169227
124012
43973
173692
95413
78998
155620
211392
72462
234190
199192
41285
39610
122305
100140
72688
95221
66825
188048
121902
140391
39243
113120
222804
245334
55990
91696
245743
189907
59880
74904
75719
92004
207548
142960
52992
44517
101670
177167
235773
130071
239823
209449
152518
125069
227292
232881
225959
110746
81871
88627
137754
122236
86167
102255
224767
162739
143179
102064
36535
97338
120013
97948
54525
164107
34422
204259
164493
97930
187836
159557
77981
71241
75130
107301
173618
118096
136967
154023
38508
80090
165153
174771
237522
87534
155025
141297
49271
146993
96064
149327
144057
89029
32678
189715
241314
67059
88550
104801
132201
233825
124407
235475
134985
172754
234787
81576
219009
129863
76984
211086
148869
108649
126672
72013
130425
74749
95718
78721
44451
65015
40738
201740
35241
76297
106776
87691
35387
40242
106341
63125
67769
92683
120526
122695
223547
222576
183008
121300
226804
231562
68293
44859
172035
253955
147904
244290
215587
38638
69111
235114
67835
51939
114231
146059
70562
243618
158823
99367
177687
214020
176326
143659
82097
124110
55189
86044
220882
131506
123907
164402
61095
84356
133848
243653
76982
86077
163413
75836
105967
86981
33786
155029
35279
196176
225441
66203
77289
234058
49138
71100
236819
69839
78511
67306
164364
36122
81611
191616
92342
46144
53287
113206
49024
61392
92783
177578
22113
83252
153856
76069
161651
239725
46486
205769
209807
55686
100226
157102
127105
238227
98305
130990
226843
42691
109425
118363
87811
68587
229545
72064
100861
124213
72696
182553
108165
118794
146241
104799
40598
122021
128071
139875
116715
167500
35465
236338
53577
55247
102572
227491
216098
224255
85216
200602
37075
198543
196862
227744
131643
168149
151887
88806
236970
131538
169588
104287
210805
123252
163987
199541
193126
66855
209292
71034
40509
175463
37657
146264
149898
32760
78663
87764
165319
124196
230552
90973
34128
216415
149819
54088
175012
59690
203305
231638
79418
107565
83591
117378
242302
74729
115083
218498
104186
160552
59114
55935
42061
32488
218518
201269
66328
248362
117567
192491
165123
159450
214919
53725
169871
74168
230423
39579
98638
55292
89791
72727
165895
91267
237463
195079
42665
136525
166675
62302
194270
61652
196008
121231
61763
94563
125859
226023
76831
137274
220540
169123
48436
43323
228175
105925
128165
40243
118877
199533
217609
205992
194906
78735
89035
39857
60434
236567
152190
35848
21939
148153
65726
79710
207173
112669
190347
81180
84036
206560
32597
77366
97083
101457
70894
235818
239724
80096
33669
69911
45338
70857
54444
214338
83013
110999
78920
65869
90609
204613
212800
55452
79830
189203
51029
140124
119630
171909
191888
163666
215203
173868
147514
89654
182689
203585
190185
173977
139506
123322
104702
251815
239249
138390
80165
227258
63667
246841
155061
248077
209877
116056
251877
97207
129184
234777
90820
172457
192570
195008
107153
193790
132281
226057
142341
181524
60910
237990
37634
227980
159258
134571
132054
171885
201425
176696
132936
91042
88995
172516
225395
109300
226791
86405
121869
71603
89116
99247
134820
232437
186386
222870
229100
129926
217799
218445
253832
72639
195693
253570
83899
156778
104759
209557
145020
69752
197696
45169
248191
168667
81519
178428
245839
204231
177737
118356
187980
94295
83067
176961
225702
207230
142445
216534
178261
83657
169271
252817
167000
246518
208119
233636
88016
76850
188004
176258
132674
135803
158490
217055
187233
199182
222508
79252
85740
223576
179491
141628
239535
239336
171984
237812
68739
123934
47791
217305
140688
156586
233038
160537
147476
208989
81166
129714
44406
240257
199610
142457
169830
34801
197344
243893
81067
172564
218976
239921
182549
96994
242398
253692
232325
225368
104553
126570
196573
227162
119021
84839
219247
89546
80886
74504
186733
234829
201256
219340
165948
74097
246228
85714
62254
102706
161398
123694
71693
196186
197697
227851
178246
235120
235954
248947
43876
222940
228942
129953
242142
221662
56129
79275
166162
175071
188751
122648
152560
125506
130263
196747
191120
227272
186837
70898
224799
127677
203673
203285
178284
199135
220460
170642
235359
234910
183003
232343
45175
177211
81337
68199
167247
78141
47654
106912
51296
136401
193895
111050
72496
79109
36493
127737
61874
51363
189908
96949
32531
144163
33904
247114
95768
43179
109619
136487
98285
66020
104491
72495
141858
164795
211393
173840
223898
73600
58699
146244
49814
49696
78376
107019
99953
179245
134704
74283
201116
204782
169526
114864
175034
121638
98818
46091
71333
191524
245951
167417
66132
35566
142074
247952
56394
51613
139421
84731
213191
144607
227879
57227
229852
209837
122562
68682
248701
65098
125128
126736
98636
55493
74341
85176
78991
155026
101139
70964
198133
218893
246823
178902
147830
178058
64748
242203
163144
167209
60072
59885
124060
141581
242804
125261
203318
188647
187224
216857
69030
171131
179739
134201
162087
244312
67210
94891
106031
144305
170160
125858
206445
91017
117541
38906
121288
253148
113415
53003
101014
183586
181128
83242
80231
93051
70304
240820
90301
175108
109999
226432
161664
221819
251946
167828
81901
87075
96622
66490
89251
206390
166887
66511
180035
225442
65270
53118
121495
36900
105705
150037
80410
222413
54581
236683
138639
91735
183748
176764
203115
253233
159877
135029
244472
126984
228872
118349
111289
125703
120792
253235
121685
37717
77828
191420
89986
139569
59038
86750
53639
142633
103134
84747
51238
137790
178864
46784
72365
69195
197359
63656
96474
132907
60549
91867
38978
135256
61101
128186
189930
103180
94551
224144
65379
82791
53408
120110
113761
70629
129318
237223
129097
74106
130057
51708
110217
98433
60746
142427
79632
37625
90708
254608
120834
232085
69375
85572
141772
125711
245640
98359
215690
180845
123085
203999
189045
201591
229252
80097
110829
153219
171316
164183
98202
214832
68658
243470
90113
252378
33621
171719
151796
237400
216646
41983
223890
247809
127793
53945
71755
6793
246394
170539
182582
186271
87400
188220
168905
68395
182317
239933
93440
172426
246240
157755
181551
248035
128072
44470
164604
227718
238949
36930
123850
199754
129455
187857
174615
147917
112842
49053
6979
52642
159161
32412
169923
55715
107484
66779
247145
34394
68870
54982
40917
107260
80143
61136
113915
212786
141556
163928
62426
41366
123875
36896
144883
124413
150233
151509
86941
116141
126865
180006
186317
213850
112737
81943
155843
78618
9364
230010
150227
43924
239755
53739
160199
133413
174688
229050
152232
54450
6978
248443
6939
164555
88473
195924
68276
93160
48804
197399
160025
116959
252861
242225
96959
113010
88075
67402
102106
125930
74685
42773
78718
183256
104539
74437
241133
42112
199689
84798
130276
144000
139696
138333
83402
165965
44618
72993
141170
132107
35193
242656
49224
94133
114749
118551
69780
94725
64393
65725
86757
177911
160021
50091
127884
78798
177857
184660
135833
86681
118967
47297
148220
157652
140642
90411
122175
89146
54151
39538
81075
128171
112858
200926
183895
37851
58799
100084
107343
135825
185523
105071
220069
167846
80827
39326
93109
191846
77401
36146
220777
122037
171283
57012
54662
227172
89302
236570
179970
164512
124840
124522
49025
185787
58365
222909
144002
182654
58044
91570
145674
236371
48473
90391
226871
252382
80945
102102
56977
222233
245792
157364
240040
43964
114771
42638
92853
82026
132987
39819
65943
79812
248806
187527
204361
77589
91367
170201
47406
33179
176317
88421
130924
147827
120587
220399
132616
228926
101919
125149
243868
229497
134703
114705
81850
170508
32995
113611
233448
70848
105802
221462
47766
85813
88981
48922
193024
230318
225980
161399
228319
196734
220201
76142
105229
178289
57775
203283
215752
233437
82852
58309
197537
218259
168721
217074
246508
96999
244966
201883
178637
222871
60456
98261
79231
6975
120472
114237
47945
86720
243192
124990
44855
160289
41298
131329
55539
55776
90024
77989
40800
44178
36779
153095
219850
134132
144433
103472
147590
43049
114746
223127
124323
91439
198637
176318
245865
205625
174379
41203
196669
94645
76179
118477
89151
50153
129911
251889
50344
232576
47434
100055
70677
250867
121458
87508
43921
58555
158357
35709
92864
49967
6705
83864
228634
77715
91487
214231
254421
118915
224182
180468
167824
253258
46625
170243
37934
128744
65132
54122
43010
54260
111120
54810
99592
92348
38569
47848
149815
51893
233344
184265
177436
35991
233051
96092
225598
121974
224319
249154
241332
182038
196347
130613
36653
65637
39080
64396
94103
89468
42681
30637
97611
44317
35633
204267
111193
168093
197466
237981
205332
84597
210084
204103
104244
82973
41026
156128
53792
62193
81704
8009
60026
112706
71050
233942
130475
82060
6514
101052
92359
33867
119296
116111
61768
252432
137001
32287
170053
115715
141135
61370
64306
50397
92318
187595
94995
55314
101971
204330
37676
33741
184266
143960
47694
135707
178990
69886
75695
127535
211700
115952
203368
36605
204531
188282
110649
236474
85013
207742
59512
159603
51654
42664
133434
214637
55681
176492
6659
93098
204283
66940
249823
127034
179463
43605
87757
138267
73400
138836
48190
48901
129997
157964
95582
65586
110703
128075
87414
212311
146041
59881
54920
111887
45791
51078
104920
36444
39805
199718
36983
46177
60126
227723
164185
68397
75588
80208
164660
81554
39211
67442
51579
32533
115049
38578
44719
113237
64326
42513
67105
120549
37580
213660
136562
179351
43034
71318
43339
184580
138614
195765
89204
85555
215123
198414
131903
212649
44433
40326
107531
95491
225433
75971
127782
184006
112017
71137
66681
100028
196396
59938
126560
57312
40476
76490
97200
153126
92083
51795
64590
213933
130088
177569
238795
47250
119997
43291
113063
35448
63126
95461
116906
71005
98688
196953
33033
119455
56927
185718
91779
214856
47699
231880
243775
98444
50052
52868
53704
158755
220867
188534
148917
35587
163351
67895
152598
232451
132283
6663
241390
159979
39233
71865
167306
148291
142580
94785
52939
62428
92003
59497
106663
152098
254302
114062
67171
89593
86427
242359
132279
66247
68301
82538
6951
43950
67903
209407
236871
68866
123434
69845
243456
150961
73317
104367
244727
45834
111044
112280
70822
229168
239335
45960
226228
112544
42622
213860
120016
253406
241725
119023
92353
75957
191062
245264
92287
51682
6776
254208
206319
47964
90944
151115
97486
41316
6992
223336
59998
129615
236873
88998
230709
185060
226662
251448
244508
49507
119471
96211
65312
57746
92762
226296
68984
73177
43996
230139
217638
212049
91528
35838
241447
67815
196725
47691
178540
73614
86274
229581
61262
69505
90031
66618
122067
6846
94316
55936
254094
37908
46572
96322
52302
68387
188276
146176
180407
188568
232041
178909
118170
237633
119792
89573
44647
81179
106319
111681
106711
83373
84267
93718
36544
48439
32324
218572
187508
199271
60315
84669
60098
98583
240425
198337
113165
69850
202413
152004
110281
62388
119859
75948
140850
142961
142793
66733
237349
180294
38385
33319
75920
86713
111713
137958
204767
185259
143454
143415
240207
80648
111100
253646
49197
180321
208868
85525
228546
44742
73975
57747
228856
71548
156389
81989
181594
248720
140374
129752
36642
129726
109023
62301
244372
111992
48282
63674
114671
97244
111757
232106
47382
77725
245303
33516
97111
231824
216640
9287
198894
66619
38519
179442
126612
108672
38917
211877
75673
144517
229021
181787
208352
147729
174642
95059
96975
111858
92856
105125
55030
93162
124611
237098
6543
62658
68702
116813
33151
51705
245394
144340
93865
55753
97471
56113
11008
97499
94474
54121
51424
124231
134853
74299
48007
80022
158550
61581
238221
232153
61822
254393
62547
161985
103171
152488
71764
34873
92557
197379
199747
140043
144501
176441
47607
197185
48274
79443
142473
96771
33990
88676
213653
49041
116515
90062
217406
132203
232027
100560
164954
233729
244673
188061
233705
169891
211568
245405
251631
212018
96940
227214
66302
146199
248230
103972
199422
132475
253365
164890
213763
197942
158028
172859
39852
93370
253219
209198
177218
134721
106300
170295
209366
210624
87166
128810
126880
246670
240786
218299
47327
64440
6697
95052
159482
71533
141546
109864
51685
98189
171540
37729
37445
236889
196520
135387
145221
124285
153832
34172
131504
184211
173621
36543
37825
124538
42221
75829
52935
62940
80116
146179
85619
167041
93639
137953
83682
161003
41089
243340
57458
227971
44657
118989
51914
73382
98741
179231
158737
82417
49089
63793
107263
41278
184167
41844
72754
229558
247939
69923
53998
72172
234546
231686
179645
239960
49685
136273
89631
110811
178030
105094
237934
72011
145074
106258
65206
107912
157722
177489
176719
190033
204465
222163
229163
236125
138789
126732
114411
170995
55276
62925
103739
167205
97352
104794
242521
184029
245047
68698
107441
252054
121524
111387
107354
67914
111344
101120
134319
106918
7007
209890
83223
74422
99986
93956
122925
208729
72057
245370
252067
131887
95504
65120
235032
228750
140010
179658
215567
214894
53040
89405
197330
250078
111825
212317
91483
83510
124547
78377
6791
244004
145924
184146
66191
130789
131755
166217
57955
198544
148292
103923
48499
98637
56076
246409
246452
153062
85660
128711
192405
91688
216047
153841
69789
65391
123485
204659
106770
69052
180327
81676
229218
123151
90230
154789
132974
89324
203664
139247
223648
88289
44456
37310
82937
37516
77124
84560
211272
7987
37719
217811
139841
59269
122052
106490
249464
113949
156924
198102
56362
95546
37969
212952
6948
126632
43246
98757
85186
117526
107408
116581
112643
235243
120076
146143
202341
85211
127839
127481
78634
128654
35422
125645
203399
203618
175175
192771
36371
211128
72028
113405
192642
74212
111564
136729
193425
174490
103666
191695
80297
122483
9272
94342
196707
229123
87478
107317
54724
118329
34848
184546
70264
215150
53445
131901
90027
128909
140797
42855
151268
92034
96578
80152
231647
219951
54133
73865
246837
80193
197411
37111
166848
43802
58833
185536
115185
100899
199528
245283
55096
157119
84112
52239
228857
161149
158501
33226
99699
97275
172367
44326
35302
146500
136032
141636
197004
61647
48097
36231
80140
73394
168767
43043
112333
183104
200230
82851
110142
87914
49300
42036
127767
253223
78726
80942
85276
180040
202501
189471
73771
227427
220958
143638
48927
78091
171112
228230
58822
109108
234391
119724
112511
85642
107040
99044
100630
238569
170989
98298
80346
126135
210053
244391
156947
168393
62337
125074
72780
123476
51055
50342
232981
198012
147226
116386
142246
116003
135210
44895
99909
79209
244957
170228
221132
144709
71860
90304
74579
43595
253480
69997
57872
186993
199901
166205
51785
156462
222369
113852
237679
243896
90730
146871
219918
144198
222238
213435
227792
167340
209087
219787
229996
9481
141250
106467
114363
111159
46430
77613
114925
166233
222554
84965
233317
135956
48159
73021
219169
60558
218252
91583
88833
107170
247624
157200
155495
253456
195082
126820
58996
240560
212717
39503
90674
244246
235195
98273
181480
238684
88029
205586
209052
107216
221478
177058
67971
109966
248373
151898
143294
204257
37899
222946
245495
144058
101073
154298
50489
50994
116724
53644
78636
69666
83410
54948
235051
61109
36141
49321
124065
89154
242782
93082
151425
170552
48492
214402
138084
114865
102640
40478
220347
94847
177405
177162
157136
110310
136559
215880
81316
66357
61344
73250
136496
106562
41782
83332
33164
138490
87194
92528
136224
231383
106086
63258
238476
117891
132294
64986
53835
250077
190767
38412
112609
83929
125129
151491
210862
68820
107356
107717
146610
155722
180260
130956
57666
207407
62649
82559
156652
42529
68680
95981
37020
53900
233125
67622
233952
89644
102440
57170
167859
36163
69807
113204
222680
180396
108938
71844
130962
36341
220824
247450
218922
179346
197322
211228
183073
208395
83437
82571
101536
122794
128280
118448
191089
6913
188382
92523
148590
115516
56884
45435
50238
87652
90065
73451
88492
43108
60307
130411
39139
57975
137501
171017
217022
187392
222264
96348
145003
170709
191419
167885
202614
86112
216799
71957
6639
109074
110157
69298
45106
143999
6720
115009
98248
138238
221524
134246
81908
51265
36158
55547
68472
230742
82543
49748
50973
167783
207671
82388
122030
123847
32818
166460
51213
80943
115941
114688
193660
41410
212599
247897
58333
232857
99104
166445
76743
234797
52241
38223
43295
234655
66945
6641
120260
92560
91451
78234
119854
104705
182453
230378
202796
241361
86621
94550
254554
168446
140342
135316
215012
160347
205003
71821
204517
247707
165258
154552
221732
89783
129879
94438
171063
130813
180590
94085
128854
229381
120635
213752
57755
192603
204127
72517
249862
125232
139060
252869
230190
152033
171010
74969
151710
109639
196248
216519
75094
237561
76394
181791
212971
34869
219704
138977
71072
170998
182662
85558
125919
217087
102538
35380
196091
228481
68173
63463
81409
84178
110327
151805
129321
195397
125311
116129
55492
60982
158288
132408
39823
69926
135838
158654
226017
119929
122061
107069
48402
203323
50107
163075
142472
111987
240062
131294
62970
192001
34653
240634
73741
41492
124964
42689
241477
123018
39959
87377
112946
6743
96623
132340
82923
75652
128453
67180
162328
65440
213896
154677
6833
144436
239638
151451
49860
236362
62942
50014
251580
134553
121541
222263
55658
100456
78170
131412
41423
53831
64335
228863
239198
216089
210044
148834
207912
219296
209367
68427
52459
154357
137604
36087
97742
221215
32108
96310
138148
107473
219173
249241
71498
236076
44563
151511
122233
73540
35745
144643
133634
141386
33083
47992
143073
78460
106073
63031
135569
78446
144360
138890
201131
49597
89858
83064
228838
92450
78423
164249
6646
217934
54320
113593
225987
252106
178558
43118
77796
120300
136130
59989
74694
166230
250363
76280
81886
6616
47460
167480
41676
123569
100512
81311
251788
41186
97380
191072
236639
63139
123968
243977
32193
45252
49172
6626
238606
54472
63022
64768
232061
250273
72729
129421
170590
128539
117813
150859
126346
79613
48281
87724
192308
156151
61438
76571
196506
240507
41771
73667
113144
67494
199883
44284
249773
60974
127910
152845
188763
213782
116938
36437
180387
89744
71694
59944
88152
152674
185798
124711
128834
84870
35894
87347
151206
108331
82876
74044
60763
235221
71378
109215
195488
117509
43486
131972
36511
159125
227930
128528
235229
40743
46030
169898
231524
229602
222058
94720
129844
69333
66422
148570
92151
138701
58075
36905
146852
173785
204423
243177
77798
34111
49857
115150
77647
112802
38633
130259
41737
77586
165300
81117
96885
104429
85261
158245
167468
39302
36372
41237
181555
233196
90532
184557
68016
165822
135318
91079
67997
58552
6534
50946
80153
130531
86287
58071
55084
229333
232752
205612
124851
137472
123319
158616
121333
150709
188137
86910
148315
158640
47923
227899
40107
122260
76677
237829
221179
45038
63407
75987
230492
118098
167699
89170
43038
222795
39706
240097
44207
228985
228897
138516
86463
60283
41417
163063
240293
221283
111735
75709
224037
46075
140788
163190
169642
236471
64741
37827
123152
194447
117443
73017
109439
158481
227964
228821
86048
62278
55482
227165
168173
240974
171440
198086
34288
206161
50482
245448
79415
100927
60265
68245
76489
144982
216135
206478
224531
43065
132232
111328
143373
50162
78667
176660
32320
129153
35741
106559
158224
128258
51005
47810
108830
113821
93560
178808
87685
94829
124092
127084
92414
70165
208888
127786
207941
188666
63798
131622
167482
38322
218958
227904
138083
226944
38188
39129
118415
78783
94425
52208
63846
49399
115466
208901
227181
84197
81332
57847
87816
236947
173456
106896
193584
196216
102037
83957
110363
162454
53840
53825
213610
131703
84895
247590
218088
106538
86957
212156
112994
40180
243229
154121
201693
40343
132483
49923
216985
75661
115340
33082
122197
37258
250587
40928
128635
34958
84104
169340
97919
207526
91898
178486
248029
81982
95926
228948
171495
235086
42481
106914
167124
102599
209009
41004
39601
50804
39546
141113
70152
97813
237689
99794
180915
135903
140924
38662
6550
88147
192732
67639
49365
193662
59936
182828
57031
173448
98513
123521
80729
100859
126625
205634
90001
109331
167145
51656
154687
170537
92949
91616
39558
206792
171119
239905
150804
232904
131959
132482
94657
252386
198220
219811
220008
40676
215221
197471
77525
241750
47018
76400
183713
51335
225921
206045
41378
112437
211714
101990
58913
79529
6597
41500
153505
58685
209135
127670
130668
207538
75427
138206
201804
247244
89403
54967
114260
215155
161325
234719
144871
87246
35568
133598
64233
227710
71233
197679
246360
167599
84698
109076
124016
46750
156190
242727
6609
101635
40004
57754
192536
82332
113861
127262
189750
73366
109911
102166
163581
242344
65343
83995
186078
97159
6692
80415
91818
44349
67413
189800
156053
189769
199980
228454
112682
145047
230040
67790
54164
35321
51521
127838
86543
124761
148356
136383
38735
143393
151326
121996
57903
120249
59488
96283
78223
64032
171003
99894
38656
45741
43652
164798
136228
125012
34323
95821
118904
36856
37369
122791
251506
60490
122416
159519
98174
74274
146319
194587
89249
157130
50833
214907
150226
49848
51100
104203
33950
180862
96144
66361
107428
140868
190902
39095
231812
6503
153725
171273
70707
149889
46774
70370
234748
116777
56343
43289
53936
118025
87705
133728
93351
37322
42215
49680
218394
98319
245711
167562
101095
227707
58789
55705
45345
181538
169485
148722
62622
96778
219398
40528
237914
55201
242873
159750
6718
252204
68602
130381
82165
71268
38190
181308
40575
91798
166013
132292
214594
135877
237313
115554
97939
57083
7016
60540
45320
80420
226399
116397
232523
251240
43616
140443
39637
84690
124663
132443
78896
186071
151692
145345
99173
152079
78274
62387
155736
159415
184193
165140
137729
130899
187900
148432
116846
235927
233791
193535
185093
78589
83301
128078
204631
48301
82356
87498
190934
61379
6958
118654
94243
208318
39754
59531
50425
221764
110931
148328
200826
193787
63749
151821
235660
74230
243026
157363
163360
71255
52486
224572
151789
58416
228521
6683
96107
112331
163279
46251
79560
168682
143164
83651
106785
77969
131146
110361
185129
114482
86424
150128
237678
120340
119949
62096
97811
127929
58608
129830
167498
41077
224974
156887
43782
187305
74003
50447
57120
209234
207477
67832
182786
52755
54681
124530
50202
128246
164824
243231
88570
235825
88730
252020
51409
86414
92792
49239
36329
248381
197345
236007
39364
167922
65252
62784
78836
49600
64407
69316
192929
68400
148743
130445
111535
224343
62920
113973
140392
83245
235210
183117
47504
208371
117407
125201
144012
148801
79824
36289
193416
48380
137326
106464
54262
40360
153101
192666
122453
66627
70940
215226
245473
169587
252997
85107
228525
73077
128516
146948
66198
73068
75027
248136
73782
113080
237312
199601
208382
87401
122398
125586
107326
240055
127235
109409
247314
196612
39667
117714
57085
188893
174457
83544
174321
59099
71437
92609
177397
94716
107313
143484
222856
152906
67109
112699
33208
35412
168477
214862
92434
181576
163325
48741
34788
137607
240258
67142
98781
234989
59023
83659
105412
237088
86277
35466
221748
57977
42372
185356
167487
60861
214719
6571
196023
59949
238673
153431
93559
240765
248719
89719
215328
87079
65433
136687
84086
173396
65831
35058
174065
152944
170705
137027
181430
35827
243989
167558
33042
212187
109834
51052
252268
63697
143690
151641
35879
49721
45189
210567
208987
33670
63833
108892
176352
218408
216161
114530
236959
89606
205451
102996
91839
120904
46463
97663
89357
126141
75864
147235
97653
249619
98065
220095
43847
177421
57066
165889
156236
72518
235924
125620
166541
64973
158241
95236
210953
50251
6817
78007
150163
91117
94648
45202
77474
110008
36225
63918
155265
43746
132352
82310
92007
113695
168638
108763
206284
103573
77855
217123
45574
104310
143384
37068
87807
39040
33162
89532
102911
67572
173028
6912
138315
58619
172279
238215
106743
127647
135101
136646
11631
245088
109447
74647
67040
76769
59011
75645
88177
185081
63107
125420
173483
235999
128961
86969
35222
229941
227002
153120
126479
89015
137419
151945
169073
77663
103634
185054
111468
247070
171434
34560
226602
159500
50183
163624
145878
184045
203494
46005
114358
77696
110556
71902
130074
206051
78179
223117
202286
80462
93237
106553
249301
190127
65093
181948
77193
36808
79304
114122
38051
99947
104143
75699
119853
215220
56765
43226
180007
6638
124963
107072
45668
63414
183049
100582
200922
69784
145036
130094
129992
150541
59789
154725
79331
118379
179631
185346
157954
92835
74780
73972
113947
242842
95748
39207
41544
118803
71818
170204
106542
87050
47552
140475
114730
158976
176180
223939
46031
124649
42737
80644
163341
59567
90387
133490
128015
125087
169836
222972
118265
219355
43361
64155
137367
221807
110541
55075
245634
254047
136482
236758
113282
97866
77839
199300
148242
220795
123355
56840
99825
76541
101031
79622
100536
106884
61210
189738
62979
234833
67039
119355
167741
55578
136415
144116
225466
42241
166996
79654
67999
55130
114542
216442
42743
150653
207125
168635
59981
141507
143331
139089
134477
120060
87750
163077
187734
61771
55602
121596
58084
43767
246323
192901
164759
85789
194852
225753
160538
59188
50192
41044
228409
37642
176135
104387
56235
33250
170059
62681
220519
223641
166909
54040
233057
86734
155249
248761
178369
157724
47319
126927
92529
186544
139886
104493
71969
90029
51440
87138
205865
62493
220678
36665
92473
137505
179781
34267
94190
210965
94319
79513
48907
111883
57512
188238
81625
82170
116321
108930
86937
131085
79595
104739
61924
86213
38979
169148
188236
108954
131172
86783
131956
140270
85030
73126
110184
166818
37211
72933
41204
243225
211498
125867
68735
254561
97794
82090
58096
156759
101210
77374
70846
42304
121960
131605
44549
39712
123289
144508
232010
88254
232259
94627
131159
177396
157688
113616
133583
136445
59219
187748
53568
112893
85552
247165
49604
90004
180602
46476
143405
201582
62529
243221
179715
233812
167294
184679
223823
155875
80563
215874
187211
6895
134609
210623
174145
63945
73429
182255
168295
90094
91991
50620
245027
103699
202120
104734
51527
179178
222579
179919
189281
54244
61971
137238
109910
95586
102112
103407
199716
147169
216546
228307
247203
134821
114539
139652
239166
107231
228888
203462
67687
253261
121481
238181
240038
223474
127261
43900
130712
199023
222130
37157
113446
150951
134795
163756
36270
39507
70190
64624
125561
95941
205049
114227
204764
183867
130138
245476
131804
131811
238346
172845
241391
248976
178814
80678
38865
171258
118328
129918
81087
94081
112329
120724
34250
114551
228654
236904
175493
161299
54673
164592
163204
162599
121107
236746
213380
117675
155349
243397
135973
59366
176484
141933
53529
131810
181572
55928
186469
95713
191962
81369
150232
103391
32295
158967
67863
195179
56923
36264
211223
115611
152666
237203
253798
152841
157835
209301
38559
138397
6988
88673
66108
7015
241129
52294
196820
51347
89784
107571
168685
78316
95096
238936
125531
218480
107217
61043
119883
144100
41581
175431
162148
144932
253136
205780
157926
150483
59391
109464
149008
126720
161674
218342
239684
130281
231733
190315
69222
145101
42268
209436
248808
53405
38392
225394
65468
236091
120784
128967
46131
138200
35580
239438
71683
120397
159179
180218
38184
248807
164077
182074
6709
84095
133506
112900
242260
102998
60181
45909
81669
248812
69213
90594
254690
161409
68933
200320
48095
196261
37652
124461
143251
196704
99449
55926
85824
194837
74653
93309
254519
155398
49480
34902
142927
162746
56645
55241
53024
245085
57468
155245
252370
119933
165732
44822
44663
55927
211298
95595
192548
55500
142562
21978
222076
243727
41407
74072
188528
6821
33777
132642
144696
54797
74157
226567
109257
194821
67607
145105
181360
79909
47424
41607
180411
249082
194519
80063
133975
235257
62892
180665
251052
72411
165494
243462
111988
212923
235214
122751
49665
48686
68869
249946
199376
40832
162957
193240
196100
39518
45705
143173
110600
36542
78322
146436
215043
128135
53868
56940
252187
51295
164707
73950
60109
80187
187291
118493
100161
133488
115089
36554
140644
118511
242884
49411
185167
124288
226983
167701
109099
38397
136209
227318
126125
193549
132640
131485
142340
60308
56489
91831
179704
33683
121360
74336
206127
61108
69451
62830
176689
55940
177347
6972
136211
44745
111474
55937
80237
46227
197509
116876
85052
34466
197693
36840
68711
63824
154983
149458
85989
41027
106571
153454
106413
50101
105355
137117
82376
36773
67431
7039
244799
172963
84087
246151
45116
95371
117132
97381
49150
39996
38495
44811
54773
62152
112111
70952
78652
133034
136896
39678
58343
129515
181422
83733
140881
215251
157451
56260
227844
116560
229860
108780
61218
115084
242767
234333
124726
172971
217246
97942
6541
52469
88475
172302
97085
96762
119342
70480
129803
99482
143278
218432
48505
237433
85674
104761
95594
181970
226573
138386
212591
249246
241088
171752
194064
200160
219729
236244
216648
228850
118771
223853
204472
120522
234480
149533
156234
204834
240047
166222
49011
249590
40542
254611
206969
254575
67370
49577
104213
146434
165973
37995
58502
80474
62768
187048
146892
84150
94123
96364
214334
172273
115970
110724
124554
79106
39313
38789
205033
124825
155387
109822
86165
164256
231363
248791
112184
68366
61205
226436
135506
159438
47160
196279
61273
74978
170587
126879
105928
176781
154209
253579
97704
121940
242659
93549
118284
183815
70393
61722
210721
63515
72793
97449
102040
58420
230324
98629
150025
182295
144155
166447
33492
154658
221096
73436
250089
47698
219097
186968
140596
38013
125045
247558
80384
245790
201618
67625
145085
87560
201297
47380
79752
54090
76808
139238
135649
126187
164796
78326
188482
32841
136877
107341
76874
65125
242115
180215
35671
123388
91732
110291
112014
45599
121471
178949
106325
104224
63116
88846
54237
217941
199888
110250
134137
127045
32571
174822
199957
202422
60629
143050
214018
251725
125806
133436
229465
224351
50188
101370
48606
66310
64663
231717
64814
94506
97684
240225
217429
157684
130091
225397
233070
66297
180405
234895
157095
100044
250887
67189
68458
175948
224156
208915
112207
205621
173710
233053
212965
97417
230532
117489
150403
96321
105256
162586
87767
48024
63520
122749
223368
54802
125264
149297
81705
53893
201557
158346
229791
97265
162853
232824
216951
159747
214499
173933
144699
236367
170252
139226
144608
236289
90294
71798
171295
151897
130940
171252
213746
192244
80236
237058
194186
223107
134304
253431
239075
225234
53738
108966
51874
60166
225522
164828
106099
107658
34807
46326
136887
110081
185094
230391
110186
125215
41406
232990
33009
221435
233065
104477
110770
206344
97856
161913
162954
227593
66170
170908
122531
57985
245764
232739
163340
47993
55143
135687
47750
66856
92063
219057
156939
224040
65883
205511
222294
137858
37677
184632
244447
43189
46454
125433
191141
82516
77868
196339
71336
54428
156696
172552
209069
96615
54804
89517
46363
223781
109948
35853
6795
144518
138532
161332
159818
113925
239700
126800
212641
51326
94578
113983
40923
104805
117238
112435
248471
122111
98107
121311
39404
54678
90244
251070
34457
93152
253164
100832
42500
173432
122865
115622
222161
245197
48312
222510
32903
72430
188362
140218
87694
34529
229138
77967
141893
87678
11412
121163
240190
46756
104008
95058
104082
122579
244379
237701
209223
135334
175955
146603
51305
66735
111852
84601
35374
52762
114745
169542
170171
169009
170179
34446
35014
111655
39481
129631
46554
189188
50799
131401
84693
215926
136475
95898
253596
80073
175791
39583
56735
171379
218738
34485
134948
68579
144790
195789
214961
239288
249760
245787
249992
233056
205554
204924
119210
216779
134228
178739
6859
136961
225949
111325
99145
135219
165396
51455
50467
117553
176706
159746
34577
6982
148815
84770
85269
65394
105206
73319
70904
37330
89748
86022
155854
73427
70138
51659
246154
67606
34304
6788
72635
64952
63399
180613
108502
213684
58403
35727
98360
145666
190491
122149
98326
180815
62122
133303
166881
122752
94777
230884
103370
36735
217536
86582
53995
137749
94338
104236
160353
75528
50354
38158
101459
87910
69228
33213
118422
32698
62633
186868
133316
120679
35425
64821
75308
121364
83917
65903
212889
134073
33693
204351
125862
164469
114627
75539
157048
96259
224871
91642
39783
199815
101681
66347
128749
157613
81507
107714
132217
71192
6957
97872
215555
154380
150091
124936
214214
105506
33160
41734
126656
121923
88789
115684
55622
33861
77889
107247
98284
128370
36480
40433
89741
121965
183422
39142
46869
83232
121218
84471
48616
65215
198463
67112
148402
154040
49102
153471
137888
240762
58215
36016
57431
187373
183412
6996
58041
98390
181347
106783
197645
41460
47627
21452
254396
62577
45631
227167
160872
157648
66678
64500
6820
53157
60458
63416
101572
93506
84511
100075
84718
228891
38298
93633
104073
69707
68462
131131
130494
96156
227921
241535
78915
44958
118487
134736
179466
37031
179449
96922
54826
57933
209056
64495
195272
196675
152261
75569
84910
165590
116930
166473
98254
43931
94636
53763
236642
94537
73947
99920
129845
103046
97366
42845
54907
99243
110677
37238
57446
49743
170427
52635
93106
45980
138199
58187
170247
74351
100588
162376
76951
89873
63501
44042
70893
67798
53522
51262
73672
100335
69920
62966
98877
96767
46708
104746
44369
176713
59254
80201
63906
42862
127550
67141
73398
143858
46043
142807
199038
107070
89596
213508
225841
107544
47416
129828
153521
77100
133395
41412
64682
90344
204096
125985
53828
34261
159485
58605
194757
250088
191953
180164
250079
209704
116974
106452
239202
84077
154409
105188
219265
147448
159416
63347
139733
121580
107244
212152
37359
104150
246133
234995
153877
144757
107256
101487
93987
68383
49148
221610
171504
34018
191780
77092
124833
96575
191240
92131
41694
221033
189543
107280
35889
200149
137486
87991
85776
111982
232378
193575
85136
151968
247007
99146
157123
132813
93195
228072
213734
40469
132820
33631
97619
57038
36314
214510
229510
37463
61809
114975
116152
52268
117310
99546
163705
184263
132075
135540
41013
112562
57987
208665
231260
48377
234012
155479
38060
140137
80466
51655
71750
214586
199764
131057
167917
166471
154921
74629
221979
62901
205195
6519
77814
101879
104405
171936
208414
56048
64005
46995
62194
144007
142059
165690
240559
161828
73775
57230
36976
58760
134759
106402
6929
67799
62218
112360
42440
133081
189179
67504
54648
167249
72769
50064
100729
125455
35455
144812
33261
117327
62701
138304
69288
91169
68357
49556
253039
111916
48102
40617
104831
85589
61857
87507
64852
35918
223387
50968
49795
85992
202442
201855
243080
38827
54305
34100
99837
208510
82972
121384
65845
190495
56314
96428
156968
167216
205417
154400
162228
107133
97177
210910
221284
119993
37917
139686
214737
138724
62276
83116
61632
205295
129452
51854
83049
51234
214239
50241
92686
241962
83706
43441
71388
171549
112992
58032
185492
63036
227420
135011
74762
34931
96551
243038
109282
33646
51098
218430
91335
200728
75316
39887
100142
118199
140761
109569
55728
40129
178907
136669
151704
92308
54291
137227
33499
223518
237541
63627
65338
239712
92905
110917
184657
56179
231696
234563
224732
150511
199439
33386
37240
252282
108047
51302
56603
39760
57459
109046
214874
240032
49190
49186
242351
143941
233523
38468
166089
241792
62953
159885
41998
67326
142050
69157
79670
137633
6576
59605
145853
222236
75973
235788
82800
101016
73918
41063
78262
118193
105124
188323
215672
147058
40718
216718
78529
83882
42614
33756
54559
84865
153719
137634
141700
129209
48415
79803
6758
124665
229318
253217
218944
38535
192197
181151
143141
129716
107588
39961
115432
204492
190521
232307
43463
225994
49855
223535
209188
111449
64591
169372
72791
34640
232835
248322
84907
78026
81081
53744
70233
157456
63470
157936
250019
174729
129787
237189
33936
68381
168597
210312
51977
82824
41975
116148
134452
78405
104495
221344
103565
106503
174947
85137
6926
6907
54154
122190
190941
231308
193707
149023
53404
56298
189787
124765
135734
117719
115700
252393
252706
68054
131881
92986
242799
179342
120717
134740
38233
126014
63928
55816
135116
223584
243311
43497
220903
178100
119140
34462
115775
105591
147163
166495
106312
183622
193056
137013
173949
224190
107279
45623
100313
138491
86069
129275
100709
178928
161598
222389
157743
92357
82505
38305
35144
221230
68919
44189
47450
213062
54755
85355
169633
117253
202829
117109
61182
44141
127022
210999
105710
45986
131670
87725
55399
213547
228813
6617
225161
115220
56808
33200
202783
217822
47662
133463
191016
55164
39850
81946
93768
37381
234522
151971
98957
196304
213771
203929
200758
78886
120023
38798
104788
83613
172685
130143
97348
188955
52322
98002
145855
119492
108002
59923
179807
67211
183825
63660
137252
179931
78574
133696
63705
178605
232253
129193
157087
223290
232262
202832
55894
131434
62233
173664
80309
240414
51897
113034
216026
113192
63124
46385
176398
187753
93836
6771
60263
238492
68095
37372
59433
111660
125113
199290
130400
64958
128351
161544
54717
35726
41626
49881
244503
154992
239770
136198
199331
33747
107173
72047
34344
107849
78841
94070
197628
189038
74399
37933
6595
229444
117900
48811
92065
40345
112254
154775
169424
140792
216018
172641
159102
152754
137028
124848
246074
168782
201664
62247
133208
208239
85113
41132
102661
45582
57201
115620
69953
158079
68716
141698
54194
61679
215303
47253
105983
42041
75188
80000
189245
97735
214867
89628
55642
95329
122092
94630
129038
113537
112556
176867
60695
84642
35152
222218
95309
212271
204868
246354
61171
39807
132685
248940
97739
60983
147992
236480
38850
44488
200902
173983
56804
88005
122164
156818
111598
131724
205747
179396
117168
66934
247104
205199
6704
181647
136315
56134
227760
75925
70503
113143
164408
118437
246226
34183
37948
41892
238838
132810
71405
92758
202032
157310
39183
40133
44070
70339
230629
92369
102492
42134
113462
130073
77654
177208
228723
57329
40253
146177
98113
62679
218983
111207
103655
59570
34377
141081
122002
51760
108053
68666
61151
124768
107486
244371
49756
52200
211538
107270
204461
96827
148095
56051
101665
69611
42299
131278
249829
60474
53518
250098
81120
199153
201608
144507
138339
204473
128291
139224
147347
130697
252151
245888
7053
82805
116568
219770
117982
224581
110211
217480
63149
67238
195544
66689
82511
147964
37926
111929
238026
228859
125846
80510
133320
6585
207534
78107
92695
244399
254767
56600
115913
70696
121295
205486
73577
85849
87148
173395
115021
89939
179035
167119
158978
227683
40406
43819
132722
62605
252384
34846
80442
194036
247908
157889
67231
66208
72788
57011
87243
226515
216531
91689
94089
142949
141406
236766
78222
146720
46754
75278
244912
153319
153007
154280
86293
51952
68719
212740
120108
51112
116907
70647
47703
114091
191354
152370
238886
56332
89415
45681
249374
40316
190216
36886
143397
248502
115320
195795
76944
75823
252827
176869
53130
123045
83459
76641
6530
110198
101062
113231
58272
56428
59858
118737
134789
153202
73050
171318
134293
109100
193570
33249
107667
49023
102459
34212
6757
37223
35105
61878
155812
177310
109058
11749
119167
45065
60821
46543
175104
35634
181529
113801
157515
112123
73346
174194
57110
141353
238982
42319
251753
231551
150519
118760
191074
186217
202981
149428
63397
44290
95257
253068
139439
44607
53150
36201
248580
72146
32987
40293
70006
46932
89186
67577
51878
33490
145920
39791
51285
89684
74544
67892
99982
116150
176337
71973
250113
99757
237704
85484
102441
137003
38006
144804
122449
51670
48376
99964
142969
81845
76382
121648
149959
48362
74278
119623
80138
120568
121538
242369
44215
90169
158518
184686
78637
68509
215883
189282
248141
145555
55651
74308
34993
155790
39897
232295
125352
238351
88753
84437
78187
122308
248526
36108
34118
136992
242695
111452
232577
229414
150070
53610
82012
69787
46432
209739
217870
56358
119259
106318
93951
180016
51419
65500
45545
94015
53814
97306
61725
207522
6551
129579
94635
35474
213686
239682
33400
147150
252295
82976
55608
40227
93285
37872
101860
42116
205904
164287
43102
193509
88648
182198
103801
78307
89310
153246
99740
155652
57506
53885
103641
190690
36632
6916
240763
114930
72159
204024
32540
86833
134422
60413
153787
97144
133678
111557
118962
207205
235324
69389
6792
176488
222639
43927
6765
57260
213695
189365
38316
170973
6658
150826
88004
200115
196533
155937
97728
101658
252345
252336
236562
251773
38413
113433
205937
203296
198344
117748
113278
252349
66860
171151
108713
250976
202876
41621
43383
133014
97154
48433
80880
243997
195742
99330
11635
72208
117439
47951
61937
219368
132897
60900
69803
32177
67440
166186
174576
248523
204236
51561
252831
247321
91156
60192
93761
57931
89091
62999
62786
60063
73733
93750
215619
215178
139488
244437
32870
59677
111134
124587
52094
51859
54172
245841
57133
138298
139576
81622
47571
70500
34863
53376
48013
252411
162849
42360
218267
151158
158832
167404
66085
44190
244364
234888
143041
177337
57360
176740
192417
78323
102451
42000
183057
62368
40258
201073
114398
40814
122976
104242
65171
35993
6591
60488
49263
44964
47354
84649
51040
91048
172576
166373
6942
92881
42584
115623
94552
132666
154258
65892
90506
43152
51834
149863
157006
63330
75084
229879
71837
107526
79022
237226
130694
124826
78273
107820
181807
106976
231572
153306
229441
181498
119138
53799
196905
136129
44135
237632
144761
187876
70028
47241
113470
146357
111157
110866
225019
62071
126151
179886
37526
102494
134363
39307
6924
252288
50248
159234
235829
108963
201671
136134
84322
190503
205229
212287
169205
34048
186035
145455
35251
122800
122842
148711
110061
150448
192019
248524
64937
144064
212068
38849
97225
145278
77148
144244
73611
161093
85596
189042
251989
139028
59553
6966
74326
69715
69058
58346
38338
40370
49341
186050
99974
215366
46127
199967
92421
241838
89578
121982
89613
104706
139751
36638
148532
162180
168460
118091
132551
6780
212351
220710
91234
202973
38802
168812
196157
114589
204513
225270
248134
137023
130759
48809
59760
212218
105707
223154
131214
104593
88891
56897
7051
83517
69493
128912
67965
146722
32697
106131
242602
114282
200646
43125
45743
92925
210511
42115
46362
129203
110476
62875
39430
228002
43998
179040
54494
96163
103411
227314
162290
235886
45922
90441
64727
170512
76356
60011
228720
82776
33446
163978
200953
41846
82781
245785
145050
252343
47490
197040
120079
37106
32599
219188
183819
107470
57655
34749
40920
6848
196951
73431
63831
36340
37741
100921
76624
164709
64568
175606
195225
47562
173447
33919
131683
186322
218196
130843
188802
211724
184240
100366
232206
244915
146190
52192
77944
78912
105799
140784
215518
78199
210740
127184
215982
199179
180727
169903
6606
125861
35646
135058
89332
43089
150086
185898
50795
231574
172251
77709
39690
188349
157000
82530
169255
59186
243895
252283
106818
108927
118508
204469
128215
42578
103911
194718
194721
119234
66591
93096
168482
42148
107400
212091
46539
170364
49159
208328
84828
83101
44125
45874
193187
218820
43877
58868
237405
107715
170721
74639
36414
173230
204198
252394
78957
174521
160781
210521
241228
54001
49409
177628
60905
174882
84453
72233
50478
69026
43873
140159
46351
75178
37767
106345
44901
212454
56075
98418
70597
136892
123690
66087
127776
44535
69695
85957
178742
117872
67303
184244
59807
103786
113274
144418
114180
76504
135304
219629
234523
105462
200047
53788
62581
43099
120364
51889
63372
59273
176255
68963
95021
135916
36657
65346
57905
151743
54139
180401
182430
144495
240092
131104
252391
224863
73354
244683
238837
71679
45255
38224
51545
39889
254315
180917
193208
209247
99654
217001
51890
73106
163730
6794
79753
243768
214655
45558
233848
252399
225978
145353
204626
201847
105226
38374
79199
134057
228763
71627
81107
140135
246036
190418
6845
68316
104456
81019
232532
207280
220691
126524
183371
46798
154942
94477
181549
156033
36863
37024
99892
92452
160844
54843
75168
53532
75840
93350
143901
172614
212359
49677
180745
145802
34900
201644
36343
42411
48454
33630
38960
63842
171747
89520
54312
230155
219859
91954
53706
244564
151650
36736
134329
174220
121799
204617
134213
35255
212908
61936
52012
136023
159178
44365
63638
227323
91293
234752
45880
121178
61862
106753
35131
71394
120157
216275
109307
68615
33826
98838
57781
56930
64010
163715
143521
105119
40643
121435
79347
215974
57158
49163
91286
215600
217224
66710
76980
73343
79115
71253
114509
98920
87830
159703
79725
195802
107168
200313
223172
65436
196760
236296
218575
6513
75748
176691
36875
232908
106928
254799
147184
137437
80801
81178
187913
143811
216411
143833
231901
160190
97593
141416
65880
247468
54689
158531
211584
199743
36633
195644
91250
85609
38304
220152
76065
236339
169478
45468
152785
95561
131410
118540
166426
96941
37060
216991
35104
125435
216402
140645
86918
117224
98871
63010
65798
241075
108803
116454
196833
58073
252316
39845
169049
125799
66959
62188
200385
55491
165724
145925
97169
128545
59128
45010
94086
71954
239303
80463
56124
233667
60393
233721
201998
43380
130164
197886
102282
107835
32526
204550
89964
135961
67245
41145
101992
32557
149482
83765
63357
64248
95798
57718
148990
146255
60794
56126
60299
32843
35383
49477
52645
55415
150486
74908
112480
107923
141201
113074
166282
137096
158005
241471
62172
235061
84937
49482
170320
121247
174662
217478
106484
230521
115610
182124
229431
215823
240359
147660
72618
88820
246674
191495
121734
101490
215363
106600
35972
62174
75475
213328
32624
121752
93543
109024
63102
93884
99268
66352
181944
104025
55362
241178
107262
106406
7057
66182
97850
98711
144230
58662
50731
48993
148969
59659
83745
115203
49858
231868
229615
132843
86743
6579
86134
61071
102603
102765
142303
106016
174575
152137
45877
85090
253553
66644
52703
89672
171715
195672
115408
53811
123570
234369
203575
190584
209775
159940
154750
191061
52934
235964
44457
212679
103225
147988
116107
56328
74321
120408
90092
230209
39070
62764
37871
253143
74037
203239
45052
64076
49276
139354
64706
109696
52501
212474
65938
103143
51140
149459
127756
89380
34067
122443
155454
161803
231041
190600
234118
54624
144940
112705
178576
200939
72187
86278
63534
43500
146114
121299
67760
87207
32273
137271
187276
210390
148677
134371127941
