1084
1101
1108
131
1347
1401
1427
1431
1438
1465
1506
1524
1544
1568
157
1573
173
1821
1823
1917
2006
2026
2031
2039
2072
2305
2351
2481
2492
2610
2619
2682
2686
2699
2758
2771
2782
2814
3004
3054
3066
31
317834
3186
335
337
3374
3375
3377
3378
3379
3443
3579
3759
3786
3844
3847
3915
392
3942
4003
4015
4031
4047
405
4089
4093
414
4265
4461
4496
453
4552
4584
468
4713
4734
4735
4736
4737
4744
4746
4752
4878
4959
5009
5070
5352
5422
543
5449
546
5472
549
5565
5739
5805
5838
5850
5962
5965
6027
6033
6128
6165
6285
6366
6450
6505
6621
669
687
688
700703
701105
7012
7098
7265
7284
7330
7341
7401
7449
748
7524
7722
7755
7777
794
813
8199
8200
8202
8205
8211
8214
8216
8220
8229
8286
8298
8383
8391
8448
8470
8475
8495
8523
8558
8697
8784
8789
8935
9001
90522
90564
90566
90933
91247
9546
9752
9756
987
9927
9967
9977
9982
9999
3159
